$`1`
    Intercept       load
701 0.7060894 0.54108708
702 0.9507474 0.90711278
703 0.5913084 0.42521064
704 0.7949847 0.66214611
705 0.5610735 0.39239673
706 0.6577702 0.49591093
707 0.6263358 0.46165627
708 0.5263768 0.36062895
709 0.6397741 0.47795316
710 0.2613053 0.15030463
711 0.5609178 0.39496742
712 0.2033174 0.11340838
713 0.5476490 0.38214360
714 0.6198827 0.45480879
715 0.2875817 0.16952242
716 0.6084374 0.44652220
717 0.1688161 0.09187839
718 0.3225078 0.19437839
719 0.5349659 0.36676779
720 0.1083464 0.05589149
attr(,"class")
[1] "brmsautocenter_resolved" "matrix"                 
[3] "array"                  

$`2`
    Intercept
701 0.9801162
702 0.9924052
703 0.9924651
704 0.9918888
705 0.9909682
706 0.9924651
707 0.9924651
708 0.9924052
709 0.9924052
710 0.9922823
711 0.9924651
712 0.9924651
713 0.9924651
714 0.9924651
715 0.9924651
716 0.9866999
717 0.9924651
718 0.9924651
719 0.9923442
720 0.9924651
attr(,"class")
[1] "brmsautocenter_resolved" "matrix"                 
[3] "array"                  

