   id level coefficient                     variable n_draws n_finite n_valid
1   1     1           1  rho_center_candidate_1[1,1]    1000     1000    1000
2   1     2           1  rho_center_candidate_1[2,1]    1000     1000    1000
3   1     3           1  rho_center_candidate_1[3,1]    1000     1000    1000
4   1     4           1  rho_center_candidate_1[4,1]    1000     1000    1000
5   1     5           1  rho_center_candidate_1[5,1]    1000     1000    1000
6   1     6           1  rho_center_candidate_1[6,1]    1000     1000    1000
7   1     7           1  rho_center_candidate_1[7,1]    1000     1000    1000
8   1     8           1  rho_center_candidate_1[8,1]    1000     1000    1000
9   1     9           1  rho_center_candidate_1[9,1]    1000     1000    1000
10  1    10           1 rho_center_candidate_1[10,1]    1000     1000    1000
11  1    11           1 rho_center_candidate_1[11,1]    1000     1000    1000
12  1    12           1 rho_center_candidate_1[12,1]    1000     1000    1000
13  1    13           1 rho_center_candidate_1[13,1]    1000     1000    1000
14  1    14           1 rho_center_candidate_1[14,1]    1000     1000    1000
15  1    15           1 rho_center_candidate_1[15,1]    1000     1000    1000
16  1    16           1 rho_center_candidate_1[16,1]    1000     1000    1000
17  1    17           1 rho_center_candidate_1[17,1]    1000     1000    1000
18  1    18           1 rho_center_candidate_1[18,1]    1000     1000    1000
19  1    19           1 rho_center_candidate_1[19,1]    1000     1000    1000
20  1    20           1 rho_center_candidate_1[20,1]    1000     1000    1000
21  1     1           2  rho_center_candidate_1[1,2]    1000     1000    1000
22  1     2           2  rho_center_candidate_1[2,2]    1000     1000    1000
23  1     3           2  rho_center_candidate_1[3,2]    1000     1000    1000
24  1     4           2  rho_center_candidate_1[4,2]    1000     1000    1000
25  1     5           2  rho_center_candidate_1[5,2]    1000     1000    1000
26  1     6           2  rho_center_candidate_1[6,2]    1000     1000    1000
27  1     7           2  rho_center_candidate_1[7,2]    1000     1000    1000
28  1     8           2  rho_center_candidate_1[8,2]    1000     1000    1000
29  1     9           2  rho_center_candidate_1[9,2]    1000     1000    1000
30  1    10           2 rho_center_candidate_1[10,2]    1000     1000    1000
31  1    11           2 rho_center_candidate_1[11,2]    1000     1000    1000
32  1    12           2 rho_center_candidate_1[12,2]    1000     1000    1000
33  1    13           2 rho_center_candidate_1[13,2]    1000     1000    1000
34  1    14           2 rho_center_candidate_1[14,2]    1000     1000    1000
35  1    15           2 rho_center_candidate_1[15,2]    1000     1000    1000
36  1    16           2 rho_center_candidate_1[16,2]    1000     1000    1000
37  1    17           2 rho_center_candidate_1[17,2]    1000     1000    1000
38  1    18           2 rho_center_candidate_1[18,2]    1000     1000    1000
39  1    19           2 rho_center_candidate_1[19,2]    1000     1000    1000
40  1    20           2 rho_center_candidate_1[20,2]    1000     1000    1000
   n_out_of_bounds    raw_min    raw_max   estimate fallback_used pareto_k
1                0 0.56286131 0.64239038 0.60010459         FALSE 1.710348
2                0 0.75868857 0.81054934 0.78420489         FALSE 1.710348
3                0 0.73266948 0.78305130 0.75801387         FALSE 1.710348
4                0 0.68933024 0.73912165 0.71534291         FALSE 1.710348
5                0 0.63492458 0.68279096 0.66119747         FALSE 1.710348
6                0 0.64138595 0.68251121 0.66555979         FALSE 1.710348
7                0 0.60716395 0.64420483 0.63133262         FALSE 1.710348
8                0 0.57035060 0.60762418 0.59583645         FALSE 1.710348
9                0 0.52966110 0.56819417 0.55625366         FALSE 1.710348
10               0 0.49316050 0.53244729 0.52051951         FALSE 1.710348
11               0 0.45827593 0.49976126 0.48612121         FALSE 1.710348
12               0 0.42180726 0.46702293 0.44982920         FALSE 1.710348
13               0 0.38650476 0.43484678 0.41439444         FALSE 1.710348
14               0 0.35273093 0.40352628 0.38019885         FALSE 1.710348
15               0 0.32078521 0.37332592 0.34757322         FALSE 1.710348
16               0 0.19103974 0.23218798 0.21109803         FALSE 1.710348
17               0 0.25901187 0.31715703 0.28804554         FALSE 1.710348
18               0 0.23124399 0.29151952 0.26148661         FALSE 1.710348
19               0 0.20589037 0.26699623 0.23658715         FALSE 1.710348
20               0 0.18448900 0.24565000 0.21517792         FALSE 1.710348
21               0 0.27508942 0.36521282 0.31714190         FALSE 1.710348
22               0 0.48880813 0.58587711 0.53753126         FALSE 1.710348
23               0 0.45746965 0.54758937 0.50396389         FALSE 1.710348
24               0 0.40198497 0.48341477 0.44528791         FALSE 1.710348
25               0 0.34529209 0.41587300 0.38431222         FALSE 1.710348
26               0 0.35431093 0.41835180 0.39170224         FALSE 1.710348
27               0 0.32115022 0.37989425 0.35630301         FALSE 1.710348
28               0 0.28816646 0.34224937 0.32112217         FALSE 1.710348
29               0 0.25861289 0.30797196 0.28928501         FALSE 1.710348
30               0 0.22896886 0.27328777 0.25708652         FALSE 1.710348
31               0 0.20707422 0.24754991 0.23307715         FALSE 1.710348
32               0 0.18351123 0.22057183 0.20767679         FALSE 1.710348
33               0 0.16136514 0.19644485 0.18453764         FALSE 1.710348
34               0 0.14159608 0.17577072 0.16361514         FALSE 1.710348
35               0 0.12406979 0.15732027 0.14482642         FALSE 1.710348
36               0 0.06531736 0.08558009 0.07758645         FALSE 1.710348
37               0 0.09510431 0.12568042 0.11318679         FALSE 1.710348
38               0 0.08332204 0.11229452 0.10006493         FALSE 1.710348
39               0 0.07201792 0.09890352 0.08723758         FALSE 1.710348
40               0 0.06431048 0.08984252 0.07849889         FALSE 1.710348
   psis_ess
1  1.880665
2  1.880665
3  1.880665
4  1.880665
5  1.880665
6  1.880665
7  1.880665
8  1.880665
9  1.880665
10 1.880665
11 1.880665
12 1.880665
13 1.880665
14 1.880665
15 1.880665
16 1.880665
17 1.880665
18 1.880665
19 1.880665
20 1.880665
21 1.880665
22 1.880665
23 1.880665
24 1.880665
25 1.880665
26 1.880665
27 1.880665
28 1.880665
29 1.880665
30 1.880665
31 1.880665
32 1.880665
33 1.880665
34 1.880665
35 1.880665
36 1.880665
37 1.880665
38 1.880665
39 1.880665
40 1.880665
