$`1`
    Intercept       load
701 0.6001046 0.31714190
702 0.7842049 0.53753126
703 0.7580139 0.50396389
704 0.7153429 0.44528791
705 0.6611975 0.38431222
706 0.6655598 0.39170224
707 0.6313326 0.35630301
708 0.5958364 0.32112217
709 0.5562537 0.28928501
710 0.5205195 0.25708652
711 0.4861212 0.23307715
712 0.4498292 0.20767679
713 0.4143944 0.18453764
714 0.3801988 0.16361514
715 0.3475732 0.14482642
716 0.2110980 0.07758645
717 0.2880455 0.11318679
718 0.2614866 0.10006493
719 0.2365871 0.08723758
720 0.2151779 0.07849889
attr(,"class")
[1] "brmsautocenter_resolved" "matrix"                 
[3] "array"                  

